10.000000000000002
10.000000000000002
10.000000000000002
10.000000000000002
10.000000000000002
10.000000000000002
10.000000000000002
10.000000000000002
10.000000000000002
10.000000000000002
10.000000000000002
10.000000000000002
10.000000000000002
10.000000000000002
10.000000000000002
10.000000000000002
10.000000000000002
10.000000000000002
10.000000000000002
10.000000000000002
10.000000000000002
10.000000000000002
10.000000000000002
10.000000000000002
10.000000000000002
10.000000000000002
10.000000000000002
10.000000000000002
10.000000000000002
10.000000000000002
10.000000000000002
10.000000000000002
10.000000000000002
10.000000000000002
10.000000000000002
10.000000000000002
10.000000000000002
10.000000000000002
10.000000000000002
10.000000000000002
10.000000000000002
10.000000000000002
10.000000000000002
10.000000000000002
10.000000000000002
10.000000000000002
10.000000000000002
10.000000000000002
10.000000000000002
10.000000000000002
10.000000000000002
10.000000000000002
10.000000000000002
10.000000000000002
10.000000000000002
10.000000000000002
10.000000000000002
10.000000000000002
10.000000000000002
10.000000000000002
10.000000000000002
10.000000000000002
10.000000000000002
10.000000000000002
10.000000000000002
10.000000000000002
10.000000000000002
10.000000000000002
10.000000000000002
10.000000000000002
10.000000000000002
10.000000000000002
10.000000000000002
10.000000000000002
10.000000000000002
10.000000000000002
10.000000000000002
10.000000000000002
10.000000000000002
10.000000000000002
10.000000000000002
10.000000000000002
10.000000000000002
10.000000000000002
10.000000000000002
10.000000000000002
10.000000000000002
10.000000000000002
10.000000000000002
10.000000000000002
10.000000000000002
10.000000000000002
10.000000000000002
10.000000000000002
10.000000000000002
10.000000000000002
10.000000000000002
10.000000000000002
10.000000000000002
10.000000000000002
10.000000000000002
10.091590385678822
10.091590385678836
10.091590385678831
10.091590385678817
10.091590385678815
10.091590385678831
10.091590385678801
10.091590385678815
10.091590385678822
10.091590385678828
10.09159038567883
10.091590385678826
10.091590385678824
10.091590385678805
10.0915903856788
10.091590385678847
10.09159038567884
10.091590385678824
10.091590385678831
10.09159038567886
10.091590385678835
10.091590385678806
10.091590385678824
10.091590385678812
10.091590385678819
10.09159038567881
10.091590385678826
10.091590385678842
10.091590385678836
10.091590385678828
10.09159038567881
10.091590385678844
10.091590385678835
10.091590385678824
10.09159038567884
10.091590385678852
10.091590385678844
10.091590385678847
10.09159038567884
10.091590385678838
10.091590385678836
10.091590385678836
10.091590385678808
10.091590385678849
10.091590385678858
10.091590385678824
10.091590385678852
10.091590385678854
10.091590385678838
10.091590385678826
10.091590385678842
10.091590385678852
10.091590385678856
10.091590385678844
10.091590385678819
10.091590385678854
10.091590385678847
10.091590385678833
10.091590385678844
10.091590385678842
10.091590385678836
10.09159038567884
10.091590385678833
10.091590385678847
10.091590385678826
10.091590385678833
10.091590385678847
10.091590385678835
10.091590385678842
10.091590385678824
10.09159038567884
10.091590385678838
10.091590385678836
10.091590385678842
10.091590385678836
10.091590385678824
10.091590385678824
10.091590385678854
10.091590385678849
10.091590385678819
10.09159038567884
10.091590385678838
10.09159038567884
10.091590385678828
10.091590385678835
10.091590385678845
10.091590385678836
10.091590385678835
10.091590385678849
10.091590385678824
10.091590385678815
10.091590385678838
10.091590385678836
10.09159038567884
10.091590385678842
10.091590385678847
10.091590385678842
10.09159038567884
10.091590385678842
10.091590385678817
10.091590385678822
10.192339809925574
10.19233980992554
10.192339809925535
10.19233980992552
10.192339809925516
10.192339809925537
10.192339809925498
10.192339809925533
10.19233980992554
10.192339809925555
10.192339809925537
10.19233980992555
10.192339809925565
10.19233980992555
10.192339809925562
10.192339809925544
10.192339809925555
10.192339809925535
10.192339809925532
10.19233980992554
10.192339809925548
10.192339809925544
10.19233980992555
10.192339809925528
10.192339809925521
10.192339809925526
10.192339809925572
10.19233980992553
10.192339809925539
10.19233980992554
10.192339809925532
10.19233980992553
10.19233980992554
10.192339809925553
10.192339809925544
10.192339809925533
10.192339809925553
10.192339809925544
10.192339809925532
10.192339809925567
10.192339809925555
10.192339809925555
10.192339809925555
10.192339809925558
10.192339809925553
10.192339809925553
10.192339809925528
10.19233980992556
10.192339809925565
10.192339809925537
10.192339809925564
10.19233980992556
10.192339809925558
10.192339809925551
10.192339809925567
10.192339809925574
10.192339809925546
10.192339809925576
10.192339809925539
10.192339809925558
10.192339809925564
10.192339809925585
10.192339809925574
10.192339809925564
10.192339809925558
10.19233980992556
10.192339809925581
10.192339809925572
10.192339809925555
10.192339809925565
10.192339809925562
10.192339809925553
10.192339809925546
10.192339809925572
10.192339809925565
10.192339809925532
10.192339809925558
10.192339809925544
10.192339809925542
10.192339809925544
10.19233980992558
10.192339809925546
10.192339809925539
10.19233980992554
10.192339809925565
10.192339809925555
10.192339809925542
10.192339809925562
10.192339809925533
10.192339809925539
10.192339809925546
10.19233980992554
10.192339809925533
10.192339809925556
10.192339809925533
10.192339809925544
10.192339809925572
10.192339809925556
10.192339809925556
10.19233980992553
10.192339809925574
10.303164176596916
10.303164176596919
10.303164176596926
10.303164176596917
10.303164176596912
10.3031641765969
10.303164176596901
10.303164176596916
10.303164176596912
10.30316417659691
10.303164176596919
10.303164176596932
10.303164176596947
10.303164176596917
10.303164176596935
10.303164176596942
10.303164176596919
10.30316417659694
10.303164176596937
10.303164176596928
10.303164176596919
10.303164176596924
10.303164176596935
10.303164176596932
10.303164176596901
10.303164176596916
10.303164176596935
10.303164176596901
10.303164176596912
10.303164176596912
10.303164176596926
10.303164176596951
10.303164176596926
10.303164176596907
10.303164176596932
10.303164176596939
10.303164176596942
10.303164176596942
10.303164176596946
10.303164176596962
10.303164176596953
10.303164176596946
10.30316417659693
10.30316417659694
10.303164176596976
10.303164176596932
10.303164176596956
10.303164176596972
10.303164176596956
10.303164176596967
10.303164176596942
10.30316417659696
10.303164176596956
10.303164176596963
10.303164176596955
10.30316417659695
10.303164176596951
10.30316417659696
10.303164176596972
10.303164176596962
10.30316417659698
10.303164176596951
10.303164176596976
10.303164176596972
10.303164176596944
10.303164176596956
10.30316417659697
10.30316417659696
10.30316417659694
10.303164176596972
10.303164176596946
10.303164176596955
10.303164176596953
10.303164176596953
10.303164176596955
10.303164176596937
10.303164176596956
10.303164176596955
10.303164176596953
10.303164176596942
10.303164176596926
10.30316417659693
10.303164176596946
10.303164176596946
10.303164176596956
10.303164176596946
10.303164176596932
10.303164176596937
10.30316417659692
10.303164176596919
10.303164176596937
10.303164176596917
10.303164176596933
10.303164176596933
10.30316417659692
10.303164176596932
10.303164176596916
10.303164176596933
10.303164176596942
10.303164176596923
10.303164176596916
10.425070979935464
10.42507097993545
10.425070979935454
10.425070979935459
10.425070979935448
10.425070979935443
10.425070979935471
10.42507097993545
10.425070979935471
10.425070979935454
10.42507097993545
10.425070979935448
10.425070979935462
10.425070979935427
10.42507097993548
10.42507097993546
10.425070979935434
10.425070979935448
10.425070979935459
10.425070979935441
10.425070979935438
10.425070979935452
10.425070979935427
10.425070979935446
10.425070979935443
10.425070979935432
10.425070979935457
10.425070979935446
10.425070979935454
10.425070979935462
10.425070979935473
10.425070979935462
10.425070979935438
10.425070979935455
10.425070979935455
10.425070979935443
10.425070979935462
10.425070979935464
10.42507097993545
10.425070979935454
10.425070979935478
10.42507097993547
10.425070979935457
10.42507097993549
10.425070979935478
10.425070979935462
10.425070979935482
10.425070979935484
10.425070979935477
10.425070979935496
10.425070979935498
10.425070979935493
10.425070979935505
10.42507097993549
10.42507097993552
10.425070979935485
10.425070979935496
10.425070979935489
10.425070979935473
10.425070979935487
10.425070979935473
10.425070979935487
10.425070979935501
10.425070979935517
10.425070979935498
10.42507097993548
10.425070979935498
10.425070979935494
10.425070979935477
10.425070979935471
10.425070979935468
10.425070979935473
10.425070979935485
10.42507097993547
10.42507097993549
10.425070979935484
10.425070979935471
10.425070979935464
10.425070979935494
10.42507097993545
10.425070979935477
10.425070979935477
10.425070979935459
10.425070979935454
10.425070979935464
10.425070979935438
10.425070979935466
10.425070979935445
10.425070979935445
10.42507097993545
10.425070979935448
10.425070979935445
10.42507097993545
10.425070979935438
10.425070979935454
10.425070979935434
10.42507097993545
10.425070979935462
10.425070979935459
10.425070979935416
10.425070979935464
10.559168463607842
10.55916846360786
10.559168463607854
10.55916846360783
10.559168463607815
10.559168463607824
10.559168463607817
10.559168463607831
10.55916846360782
10.559168463607849
10.559168463607833
10.559168463607842
10.559168463607831
10.559168463607838
10.559168463607879
10.559168463607831
10.559168463607845
10.55916846360783
10.559168463607817
10.559168463607834
10.559168463607815
10.559168463607808
10.559168463607831
10.559168463607817
10.55916846360783
10.55916846360781
10.559168463607817
10.559168463607831
10.559168463607838
10.559168463607795
10.55916846360781
10.55916846360783
10.559168463607833
10.559168463607836
10.559168463607856
10.559168463607827
10.559168463607856
10.55916846360784
10.559168463607849
10.559168463607858
10.55916846360784
10.559168463607845
10.55916846360786
10.559168463607865
10.559168463607875
10.559168463607863
10.559168463607879
10.559168463607884
10.55916846360788
10.559168463607861
10.559168463607891
10.559168463607872
10.559168463607893
10.559168463607891
10.55916846360789
10.559168463607877
10.559168463607865
10.559168463607879
10.55916846360789
10.5591684636079
10.559168463607888
10.559168463607872
10.55916846360787
10.559168463607866
10.559168463607877
10.559168463607874
10.559168463607879
10.559168463607854
10.559168463607875
10.559168463607852
10.55916846360785
10.55916846360787
10.55916846360786
10.55916846360785
10.559168463607863
10.559168463607854
10.559168463607852
10.55916846360785
10.559168463607872
10.559168463607824
10.559168463607872
10.559168463607831
10.559168463607836
10.55916846360784
10.559168463607845
10.559168463607836
10.55916846360782
10.559168463607815
10.559168463607849
10.559168463607833
10.55916846360781
10.559168463607824
10.559168463607824
10.559168463607822
10.55916846360782
10.559168463607818
10.559168463607836
10.559168463607813
10.55916846360782
10.55916846360784
10.559168463607842
10.706675695647451
10.706675695647446
10.706675695647414
10.706675695647462
10.706675695647457
10.70667569564744
10.706675695647451
10.706675695647435
10.706675695647446
10.706675695647437
10.706675695647442
10.70667569564742
10.706675695647464
10.706675695647451
10.706675695647482
10.706675695647446
10.70667569564744
10.706675695647458
10.706675695647444
10.706675695647455
10.70667569564745
10.706675695647462
10.70667569564743
10.706675695647421
10.70667569564743
10.706675695647448
10.706675695647426
10.706675695647405
10.706675695647455
10.706675695647448
10.706675695647453
10.706675695647457
10.706675695647434
10.706675695647466
10.706675695647442
10.70667569564745
10.706675695647462
10.70667569564747
10.706675695647476
10.706675695647478
10.706675695647476
10.706675695647474
10.706675695647467
10.706675695647474
10.70667569564749
10.70667569564749
10.706675695647483
10.70667569564748
10.706675695647482
10.70667569564752
10.706675695647512
10.70667569564752
10.706675695647483
10.706675695647498
10.706675695647526
10.706675695647508
10.706675695647514
10.706675695647508
10.706675695647487
10.706675695647505
10.7066756956475
10.706675695647503
10.706675695647501
10.706675695647522
10.706675695647508
10.70667569564749
10.70667569564748
10.706675695647492
10.706675695647485
10.706675695647476
10.706675695647485
10.706675695647476
10.706675695647482
10.706675695647482
10.706675695647464
10.706675695647466
10.706675695647464
10.706675695647471
10.706675695647485
10.706675695647464
10.706675695647464
10.706675695647466
10.70667569564745
10.706675695647451
10.706675695647444
10.706675695647426
10.70667569564744
10.706675695647442
10.706675695647448
10.706675695647446
10.706675695647432
10.706675695647423
10.706675695647426
10.706675695647421
10.706675695647457
10.70667569564744
10.706675695647439
10.706675695647437
10.706675695647437
10.706675695647434
10.706675695647451
10.86893365089103
10.868933650891002
10.868933650891023
10.868933650891035
10.86893365089101
10.868933650891034
10.868933650891035
10.868933650891027
10.868933650891023
10.868933650891023
10.868933650891016
10.868933650891028
10.868933650891009
10.868933650891062
10.868933650891066
10.86893365089104
10.868933650891037
10.868933650891043
10.868933650891027
10.868933650891018
10.868933650891028
10.868933650891034
10.868933650891039
10.868933650891012
10.868933650891035
10.868933650891005
10.868933650891027
10.86893365089101
10.868933650891009
10.868933650891027
10.868933650891023
10.868933650891014
10.868933650891035
10.868933650891012
10.868933650891055
10.868933650891046
10.86893365089106
10.868933650891048
10.868933650891066
10.868933650891037
10.86893365089106
10.868933650891075
10.86893365089105
10.868933650891066
10.868933650891071
10.868933650891071
10.868933650891067
10.868933650891076
10.86893365089108
10.868933650891073
10.868933650891075
10.868933650891096
10.868933650891101
10.868933650891082
10.86893365089108
10.86893365089109
10.868933650891092
10.868933650891078
10.868933650891101
10.868933650891094
10.868933650891082
10.86893365089108
10.868933650891094
10.868933650891073
10.868933650891089
10.868933650891094
10.868933650891105
10.86893365089111
10.86893365089109
10.86893365089109
10.868933650891082
10.868933650891067
10.868933650891066
10.868933650891055
10.868933650891071
10.868933650891082
10.868933650891048
10.868933650891051
10.86893365089106
10.86893365089106
10.868933650891053
10.868933650891053
10.868933650891034
10.868933650891034
10.868933650891034
10.868933650891035
10.86893365089099
10.868933650891
10.868933650891044
10.868933650891018
10.868933650891028
10.868933650891028
10.868933650891027
10.868933650891025
10.86893365089101
10.868933650890993
10.868933650891039
10.868933650891023
10.868933650891023
10.86893365089102
10.86893365089103
11.047417401658965
11.047417401658956
11.047417401658953
11.047417401658919
11.04741740165894
11.047417401658967
11.047417401658969
11.04741740165897
11.04741740165897
11.047417401658981
11.047417401658969
11.047417401658988
11.04741740165896
11.047417401658983
11.04741740165898
11.047417401658974
11.047417401658974
11.047417401658972
11.047417401658956
11.047417401658965
11.047417401658956
11.047417401658969
11.047417401658956
11.047417401658972
11.04741740165896
11.047417401658938
11.047417401658974
11.047417401658958
11.047417401658965
11.047417401658956
11.047417401658947
11.047417401658967
11.047417401658967
11.047417401658977
11.047417401658986
11.047417401658974
11.047417401658985
11.047417401658981
11.047417401658997
11.047417401658992
11.047417401659
11.047417401658977
11.047417401659027
11.047417401659029
11.047417401659011
11.047417401659013
11.047417401659027
11.047417401659013
11.04741740165901
11.047417401659029
11.04741740165901
11.047417401659034
11.047417401659018
11.047417401659017
11.047417401659013
11.047417401659041
11.047417401659027
11.047417401659013
11.047417401659027
11.047417401659011
11.047417401659027
11.047417401659038
11.047417401659015
11.047417401659041
11.047417401659047
11.047417401659034
11.047417401659043
11.047417401659025
11.047417401659024
11.047417401659036
11.047417401659041
11.047417401659
11.047417401659011
11.047417401659015
11.047417401659015
11.047417401659002
11.047417401659015
11.047417401658986
11.04741740165901
11.047417401658988
11.047417401659006
11.047417401659011
11.047417401659013
11.047417401658993
11.047417401658983
11.047417401658974
11.047417401658961
11.047417401658958
11.04741740165898
11.047417401658974
11.047417401658988
11.04741740165898
11.047417401658954
11.047417401658945
11.047417401658944
11.047417401658958
11.047417401658944
11.047417401658963
11.047417401658949
11.047417401658961
11.047417401658965
11.243749527503686
11.243749527503685
11.243749527503695
11.243749527503688
11.243749527503699
11.243749527503697
11.24374952750371
11.243749527503697
11.243749527503713
11.243749527503692
11.243749527503692
11.243749527503699
11.243749527503702
11.243749527503708
11.243749527503697
11.243749527503688
11.2437495275037
11.243749527503715
11.243749527503716
11.243749527503713
11.243749527503697
11.243749527503724
11.243749527503716
11.243749527503699
11.243749527503677
11.243749527503697
11.243749527503713
11.243749527503699
11.243749527503716
11.243749527503718
11.243749527503697
11.243749527503716
11.243749527503738
11.243749527503741
11.243749527503741
11.243749527503736
11.243749527503745
11.243749527503748
11.24374952750374
11.243749527503736
11.243749527503759
11.24374952750376
11.24374952750376
11.243749527503745
11.243749527503734
11.243749527503743
11.243749527503734
11.243749527503773
11.243749527503756
11.243749527503754
11.24374952750376
11.243749527503754
11.24374952750377
11.243749527503768
11.243749527503754
11.243749527503763
11.243749527503741
11.243749527503772
11.243749527503734
11.243749527503752
11.243749527503764
11.24374952750376
11.243749527503763
11.243749527503777
11.243749527503764
11.243749527503772
11.243749527503775
11.243749527503791
11.243749527503795
11.243749527503757
11.243749527503763
11.24374952750378
11.243749527503784
11.243749527503777
11.243749527503764
11.243749527503772
11.243749527503775
11.24374952750376
11.243749527503756
11.243749527503738
11.243749527503748
11.243749527503734
11.243749527503743
11.243749527503741
11.243749527503715
11.243749527503711
11.243749527503704
11.243749527503716
11.243749527503693
11.243749527503692
11.243749527503693
11.243749527503697
11.243749527503699
11.243749527503686
11.243749527503688
11.243749527503699
11.243749527503697
11.243749527503683
11.243749527503674
11.243749527503692
11.243749527503686
11.459714865932897
11.459714865932884
11.459714865932899
11.459714865932904
11.459714865932911
11.459714865932904
11.45971486593291
11.459714865932934
11.459714865932913
11.459714865932934
11.45971486593292
11.459714865932911
11.459714865932929
11.459714865932922
11.45971486593291
11.459714865932908
11.459714865932927
11.459714865932904
11.459714865932943
11.45971486593293
11.459714865932932
11.45971486593293
11.45971486593294
11.459714865932932
11.459714865932934
11.459714865932922
11.459714865932929
11.45971486593293
11.459714865932938
11.459714865932947
11.45971486593292
11.459714865932936
11.459714865932938
11.459714865932956
11.459714865932959
11.459714865932956
11.459714865932968
11.459714865932963
11.459714865932964
11.459714865932987
11.459714865932952
11.459714865932972
11.45971486593298
11.459714865932979
11.459714865932964
11.459714865932977
11.459714865932966
11.459714865932986
11.45971486593298
11.459714865932995
11.459714865932977
11.459714865932948
11.45971486593298
11.459714865932979
11.459714865932984
11.45971486593299
11.459714865932982
11.459714865933003
11.459714865932968
11.459714865932998
11.459714865932993
11.459714865932987
11.459714865932987
11.45971486593299
11.459714865933002
11.459714865933014
11.459714865932977
11.459714865932995
11.45971486593298
11.459714865933009
11.459714865933016
11.459714865933012
11.459714865932987
11.459714865932996
11.45971486593299
11.459714865932975
11.459714865932966
11.459714865932963
11.459714865932975
11.459714865932947
11.459714865932968
11.459714865932975
11.459714865932973
11.459714865932943
11.459714865932932
11.45971486593294
11.45971486593292
11.459714865932904
11.459714865932899
11.459714865932927
11.459714865932892
11.459714865932895
11.459714865932915
11.459714865932906
11.459714865932881
11.459714865932886
11.459714865932886
11.45971486593289
11.459714865932877
11.459714865932886
11.459714865932897
11.697276738204998
11.697276738204987
11.697276738204993
11.697276738205035
11.697276738205028
11.697276738205016
11.697276738205025
11.697276738205046
11.69727673820503
11.697276738205048
11.697276738205051
11.69727673820505
11.697276738205044
11.697276738205044
11.69727673820506
11.697276738205051
11.697276738205073
11.697276738205067
11.697276738205092
11.697276738205078
11.697276738205066
11.697276738205055
11.697276738205078
11.697276738205069
11.697276738205076
11.697276738205082
11.697276738205101
11.697276738205069
11.697276738205089
11.697276738205115
11.697276738205105
11.697276738205101
11.697276738205094
11.697276738205089
11.697276738205105
11.69727673820513
11.697276738205108
11.6972767382051
11.69727673820511
11.69727673820511
11.697276738205113
11.697276738205106
11.697276738205092
11.6972767382051
11.697276738205135
11.697276738205128
11.69727673820512
11.697276738205108
11.697276738205126
11.6972767382051
11.69727673820512
11.697276738205108
11.697276738205108
11.697276738205106
11.69727673820511
11.697276738205124
11.697276738205113
11.6972767382051
11.697276738205119
11.697276738205124
11.697276738205174
11.697276738205149
11.697276738205145
11.69727673820515
11.697276738205165
11.697276738205147
11.69727673820514
11.697276738205161
11.697276738205142
11.697276738205156
11.697276738205137
11.697276738205145
11.697276738205144
11.697276738205126
11.697276738205131
11.697276738205119
11.69727673820514
11.697276738205112
11.697276738205098
11.697276738205108
11.69727673820508
11.697276738205087
11.697276738205098
11.697276738205112
11.69727673820508
11.697276738205053
11.69727673820506
11.697276738205051
11.69727673820505
11.69727673820504
11.697276738205044
11.697276738205053
11.697276738205021
11.697276738205037
11.697276738205021
11.697276738205023
11.697276738205007
11.697276738205016
11.697276738205002
11.697276738204996
11.697276738204998
11.95859479770433
11.958594797704327
11.958594797704327
11.958594797704368
11.958594797704354
11.958594797704361
11.958594797704373
11.958594797704368
11.958594797704402
11.95859479770438
11.958594797704365
11.958594797704425
11.958594797704407
11.958594797704395
11.958594797704404
11.95859479770442
11.958594797704407
11.958594797704418
11.958594797704437
11.95859479770443
11.958594797704418
11.958594797704404
11.95859479770443
11.958594797704421
11.958594797704421
11.95859479770446
11.958594797704468
11.958594797704455
11.958594797704466
11.958594797704443
11.95859479770446
11.958594797704464
11.958594797704457
11.958594797704452
11.958594797704464
11.958594797704452
11.958594797704453
11.958594797704464
11.958594797704466
11.95859479770448
11.958594797704475
11.958594797704462
11.958594797704473
11.958594797704476
11.958594797704446
11.958594797704475
11.958594797704494
11.958594797704473
11.958594797704476
11.958594797704485
11.958594797704482
11.95859479770447
11.958594797704473
11.958594797704468
11.95859479770446
11.95859479770447
11.958594797704471
11.958594797704485
11.958594797704475
11.958594797704501
11.958594797704505
11.9585947977045
11.958594797704512
11.958594797704508
11.958594797704489
11.958594797704503
11.958594797704494
11.958594797704514
11.958594797704494
11.958594797704508
11.958594797704489
11.958594797704498
11.958594797704496
11.958594797704487
11.9585947977045
11.958594797704507
11.958594797704466
11.958594797704475
11.95859479770447
11.95859479770444
11.958594797704427
11.958594797704455
11.958594797704455
11.95859479770442
11.958594797704428
11.958594797704421
11.958594797704418
11.95859479770437
11.958594797704391
11.958594797704377
11.958594797704386
11.958594797704382
11.95859479770438
11.958594797704343
11.958594797704361
11.958594797704372
11.95859479770434
11.95859479770435
11.958594797704324
11.958594797704318
11.95859479770433
12.24604466315361
12.246044663153594
12.246044663153619
12.246044663153622
12.246044663153612
12.24604466315366
12.246044663153638
12.246044663153658
12.246044663153658
12.24604466315366
12.246044663153667
12.24604466315368
12.246044663153702
12.246044663153684
12.246044663153702
12.246044663153684
12.246044663153707
12.246044663153713
12.246044663153722
12.246044663153722
12.246044663153741
12.246044663153723
12.246044663153741
12.246044663153755
12.24604466315373
12.246044663153748
12.246044663153743
12.246044663153732
12.246044663153752
12.246044663153747
12.246044663153757
12.246044663153764
12.246044663153775
12.246044663153768
12.246044663153793
12.24604466315376
12.24604466315377
12.246044663153773
12.246044663153791
12.246044663153777
12.246044663153773
12.246044663153764
12.246044663153752
12.246044663153748
12.246044663153784
12.24604466315378
12.24604466315379
12.24604466315377
12.246044663153782
12.24604466315377
12.246044663153771
12.246044663153757
12.246044663153766
12.246044663153764
12.246044663153759
12.246044663153775
12.246044663153784
12.246044663153784
12.246044663153778
12.24604466315378
12.246044663153796
12.246044663153796
12.246044663153793
12.246044663153791
12.246044663153786
12.246044663153757
12.246044663153787
12.246044663153773
12.246044663153777
12.24604466315377
12.246044663153768
12.246044663153777
12.246044663153784
12.246044663153759
12.246044663153754
12.24604466315376
12.246044663153748
12.246044663153745
12.246044663153716
12.246044663153732
12.246044663153706
12.24604466315373
12.24604466315371
12.246044663153693
12.24604466315373
12.246044663153691
12.246044663153668
12.246044663153663
12.246044663153674
12.24604466315365
12.246044663153663
12.246044663153645
12.246044663153638
12.24604466315365
12.246044663153615
12.24604466315362
12.246044663153617
12.246044663153638
12.246044663153612
12.246044663153594
12.24604466315361
12.562239515147777
12.562239515147773
12.562239515147827
12.562239515147793
12.562239515147798
12.562239515147848
12.562239515147853
12.56223951514784
12.562239515147873
12.56223951514787
12.562239515147857
12.562239515147889
12.562239515147901
12.562239515147892
12.562239515147933
12.562239515147922
12.562239515147926
12.56223951514791
12.562239515147917
12.562239515147947
12.562239515147956
12.562239515147931
12.562239515147962
12.562239515147944
12.562239515147986
12.562239515147963
12.562239515147985
12.562239515147985
12.56223951514796
12.56223951514796
12.562239515147992
12.56223951514799
12.562239515147986
12.562239515147985
12.562239515147994
12.562239515147997
12.562239515147992
12.562239515147992
12.562239515147986
12.562239515147978
12.562239515147999
12.562239515147972
12.562239515147978
12.562239515147974
12.562239515147978
12.562239515147976
12.562239515148015
12.56223951514799
12.562239515147988
12.562239515147976
12.562239515147983
12.562239515147976
12.562239515148004
12.56223951514801
12.562239515147994
12.562239515148
12.562239515147995
12.562239515148004
12.562239515147981
12.562239515147985
12.56223951514798
12.562239515147978
12.562239515147985
12.562239515147983
12.562239515147988
12.562239515147986
12.56223951514799
12.562239515147992
12.562239515147965
12.562239515147978
12.562239515147969
12.562239515147974
12.56223951514797
12.562239515147972
12.562239515147972
12.562239515147956
12.56223951514794
12.56223951514793
12.562239515147908
12.562239515147906
12.562239515147896
12.562239515147889
12.562239515147901
12.562239515147906
12.562239515147894
12.56223951514786
12.562239515147882
12.562239515147871
12.562239515147873
12.562239515147844
12.562239515147864
12.562239515147816
12.562239515147848
12.562239515147818
12.562239515147821
12.562239515147818
12.562239515147814
12.562239515147795
12.562239515147803
12.562239515147755
12.562239515147777
12.9100538523414
12.910053852341418
12.910053852341422
12.91005385234142
12.910053852341443
12.910053852341449
12.910053852341465
12.910053852341493
12.910053852341495
12.910053852341486
12.910053852341491
12.910053852341521
12.910053852341521
12.910053852341523
12.910053852341516
12.910053852341546
12.910053852341552
12.910053852341564
12.91005385234157
12.910053852341589
12.910053852341598
12.910053852341612
12.910053852341585
12.9100538523416
12.910053852341607
12.910053852341612
12.910053852341592
12.910053852341619
12.91005385234161
12.910053852341601
12.910053852341605
12.9100538523416
12.910053852341603
12.910053852341633
12.910053852341633
12.91005385234161
12.910053852341616
12.910053852341612
12.910053852341628
12.91005385234161
12.910053852341635
12.910053852341624
12.910053852341624
12.910053852341608
12.91005385234165
12.910053852341619
12.91005385234163
12.910053852341628
12.910053852341646
12.91005385234163
12.910053852341663
12.910053852341655
12.910053852341628
12.910053852341653
12.910053852341656
12.910053852341644
12.910053852341642
12.910053852341612
12.910053852341623
12.910053852341626
12.91005385234164
12.910053852341628
12.910053852341631
12.910053852341631
12.9100538523416
12.910053852341594
12.910053852341603
12.910053852341619
12.910053852341598
12.91005385234158
12.910053852341605
12.910053852341603
12.91005385234158
12.910053852341598
12.910053852341594
12.910053852341578
12.910053852341576
12.91005385234156
12.910053852341557
12.910053852341553
12.910053852341514
12.910053852341509
12.91005385234152
12.910053852341525
12.910053852341495
12.910053852341512
12.910053852341528
12.910053852341514
12.910053852341509
12.910053852341457
12.910053852341482
12.910053852341443
12.910053852341441
12.910053852341447
12.910053852341418
12.91005385234143
12.91005385234143
12.910053852341438
12.910053852341399
12.910053852341406
12.9100538523414
13.292649623254373
13.292649623254386
13.292649623254388
13.292649623254402
13.292649623254402
13.292649623254428
13.29264962325443
13.29264962325443
13.29264962325445
13.292649623254473
13.292649623254482
13.292649623254484
13.292649623254489
13.292649623254523
13.292649623254531
13.292649623254514
13.29264962325453
13.292649623254555
13.292649623254544
13.292649623254565
13.292649623254581
13.292649623254622
13.292649623254588
13.292649623254594
13.292649623254626
13.29264962325459
13.292649623254588
13.292649623254578
13.292649623254603
13.292649623254613
13.292649623254603
13.292649623254604
13.292649623254585
13.292649623254604
13.292649623254613
13.292649623254603
13.292649623254587
13.292649623254599
13.292649623254615
13.292649623254594
13.292649623254597
13.292649623254604
13.292649623254611
13.292649623254631
13.29264962325463
13.292649623254617
13.292649623254642
13.292649623254642
13.292649623254656
13.292649623254642
13.292649623254647
13.292649623254654
13.292649623254654
13.292649623254654
13.292649623254656
13.292649623254656
13.292649623254645
13.29264962325465
13.292649623254649
13.292649623254652
13.292649623254642
13.292649623254649
13.292649623254619
13.29264962325461
13.292649623254599
13.292649623254624
13.292649623254603
13.2926496232546
13.292649623254587
13.292649623254613
13.29264962325459
13.292649623254587
13.292649623254565
13.292649623254583
13.292649623254567
13.292649623254551
13.292649623254556
13.292649623254553
13.292649623254542
13.292649623254505
13.292649623254535
13.292649623254547
13.29264962325452
13.29264962325453
13.292649623254498
13.292649623254512
13.292649623254507
13.292649623254507
13.292649623254487
13.292649623254489
13.292649623254471
13.29264962325446
13.292649623254455
13.292649623254421
13.292649623254427
13.292649623254418
13.292649623254409
13.2926496232544
13.292649623254402
13.292649623254398
13.292649623254373
13.71350497125864
13.713504971258654
13.713504971258654
13.713504971258647
13.713504971258674
13.713504971258697
13.713504971258677
13.713504971258716
13.713504971258727
13.71350497125876
13.713504971258741
13.713504971258763
13.713504971258788
13.713504971258775
13.713504971258807
13.713504971258793
13.713504971258818
13.713504971258821
13.71350497125881
13.71350497125883
13.713504971258837
13.713504971258837
13.713504971258827
13.713504971258859
13.713504971258843
13.713504971258855
13.71350497125887
13.71350497125885
13.713504971258873
13.713504971258864
13.713504971258882
13.713504971258855
13.713504971258855
13.713504971258875
13.713504971258878
13.713504971258871
13.713504971258876
13.713504971258855
13.71350497125889
13.713504971258882
13.713504971258885
13.7135049712589
13.713504971258883
13.713504971258882
13.713504971258889
13.713504971258903
13.713504971258901
13.713504971258898
13.713504971258926
13.71350497125892
13.713504971258912
13.713504971258907
13.713504971258923
13.71350497125893
13.713504971258931
13.71350497125894
13.713504971258944
13.713504971258923
13.713504971258928
13.713504971258919
13.713504971258923
13.713504971258937
13.71350497125891
13.713504971258915
13.713504971258914
13.71350497125891
13.71350497125892
13.713504971258882
13.713504971258885
13.71350497125887
13.71350497125887
13.713504971258889
13.713504971258855
13.713504971258892
13.713504971258875
13.713504971258853
13.713504971258857
13.713504971258848
13.713504971258837
13.71350497125883
13.713504971258818
13.713504971258814
13.713504971258798
13.71350497125883
13.713504971258805
13.713504971258786
13.713504971258795
13.713504971258788
13.713504971258773
13.713504971258766
13.71350497125876
13.713504971258766
13.713504971258738
13.713504971258727
13.71350497125872
13.713504971258718
13.713504971258681
13.713504971258693
13.71350497125869
13.71350497125865
13.71350497125864
14.176445854063333
14.176445854063317
14.176445854063333
14.176445854063347
14.176445854063376
14.176445854063358
14.17644585406338
14.176445854063394
14.176445854063392
14.176445854063399
14.176445854063427
14.176445854063422
14.17644585406342
14.176445854063447
14.176445854063447
14.176445854063456
14.176445854063429
14.176445854063441
14.17644585406343
14.176445854063447
14.176445854063454
14.176445854063465
14.176445854063433
14.176445854063472
14.176445854063463
14.176445854063457
14.176445854063457
14.176445854063477
14.176445854063465
14.176445854063468
14.1764458540635
14.176445854063504
14.176445854063486
14.176445854063507
14.176445854063493
14.17644585406349
14.176445854063498
14.176445854063509
14.17644585406352
14.176445854063523
14.176445854063518
14.1764458540635
14.176445854063504
14.176445854063534
14.176445854063514
14.176445854063521
14.17644585406353
14.176445854063548
14.17644585406354
14.176445854063557
14.176445854063571
14.176445854063548
14.17644585406357
14.17644585406355
14.176445854063566
14.17644585406356
14.176445854063575
14.176445854063589
14.176445854063576
14.1764458540636
14.176445854063553
14.176445854063578
14.17644585406358
14.17644585406358
14.176445854063576
14.176445854063576
14.176445854063594
14.176445854063562
14.176445854063582
14.176445854063562
14.176445854063543
14.176445854063548
14.17644585406354
14.176445854063568
14.17644585406354
14.176445854063534
14.17644585406354
14.17644585406354
14.176445854063552
14.176445854063521
14.176445854063516
14.176445854063525
14.176445854063509
14.1764458540635
14.176445854063472
14.176445854063472
14.17644585406348
14.176445854063465
14.176445854063495
14.176445854063463
14.176445854063452
14.17644585406346
14.176445854063413
14.176445854063418
14.176445854063408
14.176445854063402
14.176445854063394
14.176445854063374
14.176445854063365
14.176445854063346
14.176445854063333
14.685680825148497
14.685680825148482
14.68568082514851
14.685680825148482
14.685680825148482
14.685680825148493
14.685680825148477
14.685680825148497
14.685680825148479
14.685680825148486
14.685680825148493
14.685680825148504
14.685680825148498
14.68568082514851
14.685680825148525
14.685680825148495
14.685680825148511
14.6856808251485
14.685680825148527
14.6856808251485
14.685680825148536
14.685680825148514
14.685680825148518
14.68568082514851
14.685680825148522
14.685680825148534
14.685680825148529
14.685680825148511
14.685680825148506
14.68568082514852
14.685680825148552
14.685680825148538
14.685680825148545
14.68568082514855
14.685680825148552
14.68568082514856
14.685680825148546
14.685680825148545
14.685680825148564
14.685680825148575
14.685680825148587
14.685680825148568
14.68568082514858
14.685680825148568
14.685680825148602
14.685680825148598
14.685680825148598
14.685680825148612
14.685680825148626
14.685680825148605
14.685680825148616
14.68568082514861
14.685680825148607
14.685680825148635
14.685680825148642
14.685680825148651
14.68568082514865
14.685680825148674
14.685680825148646
14.685680825148667
14.68568082514867
14.685680825148685
14.685680825148689
14.68568082514868
14.68568082514867
14.685680825148692
14.685680825148689
14.685680825148683
14.685680825148697
14.685680825148694
14.685680825148706
14.685680825148685
14.685680825148696
14.685680825148689
14.685680825148694
14.685680825148692
14.685680825148689
14.685680825148705
14.685680825148681
14.685680825148681
14.685680825148674
14.685680825148685
14.685680825148683
14.685680825148673
14.685680825148674
14.685680825148657
14.685680825148678
14.685680825148653
14.685680825148632
14.685680825148616
14.685680825148587
14.685680825148602
14.685680825148605
14.685680825148589
14.685680825148546
14.685680825148559
14.685680825148557
14.68568082514852
14.68568082514852
14.685680825148513
14.685680825148497
15.245839293342176
15.245839293342181
15.245839293342149
15.245839293342154
15.245839293342158
15.24583929334213
15.24583929334214
15.245839293342128
15.245839293342117
15.245839293342137
15.24583929334209
15.245839293342097
15.245839293342113
15.24583929334212
15.245839293342108
15.245839293342117
15.245839293342128
15.24583929334212
15.245839293342101
15.245839293342122
15.245839293342147
15.245839293342122
15.245839293342145
15.245839293342137
15.245839293342131
15.245839293342147
15.245839293342158
15.245839293342138
15.245839293342154
15.245839293342168
15.24583929334217
15.245839293342176
15.245839293342161
15.245839293342168
15.245839293342177
15.24583929334217
15.245839293342186
15.24583929334217
15.245839293342186
15.24583929334218
15.245839293342188
15.245839293342174
15.2458392933422
15.245839293342188
15.245839293342204
15.24583929334218
15.245839293342193
15.245839293342197
15.245839293342218
15.245839293342206
15.245839293342224
15.245839293342234
15.245839293342229
15.245839293342263
15.245839293342275
15.245839293342295
15.245839293342309
15.245839293342309
15.245839293342302
15.24583929334233
15.24583929334234
15.245839293342344
15.245839293342339
15.245839293342373
15.245839293342364
15.245839293342351
15.245839293342344
15.245839293342376
15.245839293342362
15.24583929334237
15.245839293342382
15.245839293342398
15.245839293342382
15.245839293342376
15.245839293342373
15.245839293342385
15.245839293342389
15.245839293342382
15.245839293342387
15.245839293342392
15.245839293342373
15.245839293342357
15.245839293342378
15.24583929334237
15.245839293342346
15.245839293342364
15.245839293342357
15.24583929334235
15.245839293342302
15.24583929334233
15.2458392933423
15.245839293342309
15.245839293342277
15.24583929334229
15.245839293342238
15.245839293342224
15.245839293342241
15.24583929334222
15.24583929334221
15.245839293342168
15.245839293342176
15.862013608355225
15.862013608355205
15.862013608355207
15.862013608355221
15.862013608355221
15.862013608355179
15.862013608355193
15.862013608355184
15.862013608355214
15.862013608355173
15.862013608355149
15.862013608355173
15.86201360835518
15.862013608355172
15.862013608355158
15.862013608355173
15.862013608355163
15.862013608355156
15.862013608355154
15.862013608355154
15.862013608355166
15.862013608355161
15.86201360835519
15.86201360835517
15.862013608355191
15.86201360835519
15.862013608355172
15.862013608355186
15.8620136083552
15.8620136083552
15.862013608355214
15.862013608355223
15.862013608355202
15.86201360835518
15.862013608355227
15.862013608355216
15.862013608355205
15.862013608355221
15.862013608355223
15.862013608355202
15.862013608355205
15.862013608355209
15.862013608355191
15.862013608355213
15.862013608355191
15.862013608355207
15.862013608355191
15.862013608355173
15.862013608355193
15.862013608355202
15.862013608355232
15.862013608355218
15.862013608355234
15.862013608355252
15.862013608355278
15.862013608355273
15.862013608355266
15.862013608355301
15.862013608355335
15.862013608355364
15.86201360835534
15.862013608355358
15.862013608355367
15.862013608355397
15.86201360835535
15.86201360835538
15.862013608355392
15.86201360835539
15.862013608355381
15.86201360835539
15.862013608355381
15.862013608355381
15.862013608355365
15.862013608355365
15.862013608355356
15.862013608355378
15.862013608355372
15.862013608355403
15.862013608355388
15.862013608355369
15.862013608355399
15.862013608355381
15.862013608355367
15.862013608355392
15.86201360835536
15.862013608355344
15.862013608355351
15.862013608355332
15.862013608355317
15.862013608355333
15.86201360835532
15.862013608355303
15.862013608355303
15.862013608355282
15.86201360835529
15.862013608355293
15.862013608355252
15.862013608355248
15.862013608355243
15.862013608355214
15.862013608355225
16.53980535486961
16.539805354869582
16.539805354869564
16.53980535486956
16.539805354869557
16.539805354869543
16.53980535486951
16.539805354869504
16.539805354869518
16.539805354869515
16.539805354869493
16.5398053548695
16.539805354869436
16.539805354869493
16.539805354869465
16.539805354869472
16.539805354869472
16.539805354869454
16.53980535486947
16.539805354869475
16.539805354869486
16.53980535486949
16.53980535486952
16.5398053548695
16.53980535486948
16.539805354869493
16.539805354869518
16.539805354869497
16.53980535486957
16.53980535486954
16.53980535486956
16.539805354869547
16.53980535486961
16.539805354869603
16.5398053548696
16.53980535486957
16.539805354869618
16.539805354869618
16.539805354869607
16.53980535486959
16.53980535486961
16.539805354869618
16.539805354869625
16.539805354869582
16.539805354869575
16.539805354869582
16.53980535486959
16.539805354869628
16.539805354869614
16.539805354869614
16.539805354869596
16.539805354869593
16.539805354869635
16.539805354869653
16.53980535486962
16.53980535486959
16.539805354869657
16.539805354869646
16.539805354869642
16.539805354869692
16.539805354869696
16.539805354869667
16.539805354869717
16.539805354869706
16.539805354869703
16.539805354869717
16.539805354869724
16.539805354869703
16.539805354869724
16.53980535486974
16.539805354869742
16.539805354869706
16.53980535486971
16.539805354869756
16.5398053548697
16.539805354869742
16.539805354869728
16.539805354869692
16.5398053548697
16.539805354869685
16.539805354869696
16.539805354869685
16.539805354869664
16.539805354869678
16.53980535486963
16.53980535486966
16.539805354869692
16.539805354869646
16.539805354869667
16.539805354869628
16.539805354869635
16.539805354869657
16.539805354869667
16.539805354869618
16.53980535486961
16.539805354869625
16.539805354869625
16.539805354869582
16.53980535486959
16.53980535486962
16.53980535486961
17.285376276035368
17.285376276035343
17.285376276035326
17.285376276035333
17.285376276035308
17.285376276035347
17.285376276035276
17.285376276035336
17.285376276035315
17.285376276035247
17.285376276035258
17.285376276035255
17.285376276035244
17.285376276035187
17.285376276035226
17.285376276035247
17.285376276035233
17.285376276035233
17.28537627603522
17.2853762760352
17.285376276035258
17.285376276035237
17.285376276035283
17.285376276035205
17.285376276035247
17.285376276035247
17.28537627603527
17.285376276035237
17.285376276035286
17.28537627603526
17.28537627603532
17.28537627603531
17.28537627603536
17.285376276035333
17.285376276035322
17.285376276035368
17.285376276035375
17.285376276035382
17.28537627603538
17.285376276035343
17.285376276035333
17.28537627603537
17.28537627603537
17.28537627603535
17.285376276035404
17.285376276035354
17.28537627603542
17.2853762760354
17.28537627603543
17.285376276035432
17.285376276035375
17.285376276035414
17.285376276035404
17.285376276035418
17.28537627603542
17.28537627603546
17.28537627603549
17.2853762760355
17.285376276035453
17.285376276035482
17.28537627603546
17.28537627603546
17.28537627603552
17.285376276035485
17.285376276035453
17.285376276035485
17.285376276035475
17.285376276035464
17.285376276035485
17.285376276035493
17.285376276035457
17.285376276035493
17.28537627603551
17.285376276035482
17.285376276035507
17.2853762760355
17.285376276035464
17.285376276035507
17.28537627603546
17.285376276035443
17.28537627603548
17.28537627603543
17.285376276035503
17.28537627603544
17.285376276035432
17.285376276035432
17.28537627603544
17.285376276035425
17.285376276035414
17.28537627603544
17.285376276035414
17.285376276035443
17.285376276035414
17.285376276035397
17.285376276035436
17.285376276035443
17.285376276035432
17.285376276035404
17.28537627603539
17.285376276035418
17.285376276035368
18.105504289317704
18.10550428931767
18.105504289317725
18.105504289317746
18.105504289317704
18.105504289317643
18.10550428931766
18.10550428931759
18.105504289317647
18.105504289317633
18.105504289317622
18.105504289317633
18.10550428931764
18.105504289317626
18.10550428931755
18.105504289317544
18.105504289317576
18.105504289317544
18.10550428931754
18.10550428931754
18.105504289317505
18.105504289317487
18.10550428931751
18.105504289317462
18.105504289317548
18.105504289317523
18.105504289317558
18.10550428931754
18.10550428931757
18.10550428931756
18.105504289317526
18.105504289317555
18.10550428931757
18.10550428931758
18.10550428931756
18.10550428931761
18.10550428931758
18.10550428931761
18.10550428931755
18.10550428931758
18.105504289317626
18.105504289317622
18.10550428931759
18.105504289317665
18.10550428931762
18.105504289317622
18.105504289317665
18.105504289317636
18.105504289317654
18.105504289317654
18.105504289317636
18.10550428931767
18.105504289317654
18.105504289317675
18.105504289317686
18.10550428931769
18.105504289317704
18.105504289317658
18.105504289317672
18.10550428931774
18.105504289317764
18.10550428931774
18.105504289317697
18.10550428931776
18.10550428931774
18.105504289317743
18.10550428931776
18.105504289317704
18.10550428931779
18.105504289317714
18.105504289317704
18.105504289317764
18.105504289317732
18.105504289317746
18.105504289317764
18.105504289317818
18.105504289317768
18.105504289317768
18.105504289317746
18.105504289317754
18.105504289317782
18.105504289317814
18.10550428931781
18.105504289317768
18.105504289317736
18.10550428931777
18.10550428931775
18.10550428931771
18.10550428931775
18.10550428931773
18.10550428931775
18.105504289317732
18.1055042893177
18.105504289317675
18.105504289317686
18.105504289317686
18.105504289317704
18.105504289317675
18.10550428931767
18.105504289317732
18.105504289317704
19.007645103928354
19.00764510392834
19.007645103928326
19.007645103928343
19.00764510392832
19.00764510392829
19.00764510392832
19.007645103928315
19.00764510392826
19.007645103928276
19.007645103928226
19.007645103928166
19.007645103928187
19.007645103928223
19.007645103928258
19.00764510392819
19.007645103928148
19.007645103928176
19.007645103928198
19.007645103928102
19.007645103928144
19.007645103928127
19.007645103928223
19.007645103928148
19.00764510392817
19.00764510392816
19.00764510392814
19.007645103928116
19.00764510392819
19.00764510392815
19.007645103928166
19.007645103928127
19.007645103928116
19.00764510392808
19.00764510392812
19.007645103928144
19.007645103928088
19.00764510392816
19.00764510392812
19.007645103928144
19.00764510392816
19.007645103928123
19.007645103928148
19.007645103928162
19.007645103928215
19.00764510392821
19.007645103928187
19.00764510392824
19.0076451039282
19.00764510392824
19.007645103928258
19.007645103928244
19.00764510392821
19.00764510392823
19.00764510392826
19.007645103928265
19.007645103928304
19.00764510392825
19.007645103928255
19.00764510392828
19.007645103928333
19.00764510392827
19.00764510392831
19.00764510392831
19.007645103928287
19.007645103928322
19.00764510392832
19.007645103928294
19.007645103928315
19.007645103928333
19.007645103928308
19.007645103928336
19.00764510392836
19.007645103928322
19.007645103928354
19.007645103928322
19.007645103928365
19.007645103928326
19.007645103928304
19.007645103928308
19.00764510392831
19.007645103928354
19.007645103928333
19.007645103928258
19.007645103928322
19.007645103928315
19.007645103928308
19.00764510392829
19.00764510392836
19.00764510392835
19.00764510392831
19.00764510392833
19.007645103928333
19.007645103928247
19.00764510392827
19.00764510392828
19.007645103928272
19.007645103928315
19.007645103928297
19.007645103928276
19.007645103928354
20.000000000000004
20.000000000000004
20.000000000000004
20.000000000000004
20.000000000000004
20.000000000000004
20.000000000000004
20.000000000000004
20.000000000000004
20.000000000000004
20.000000000000004
20.000000000000004
20.000000000000004
20.000000000000004
20.000000000000004
20.000000000000004
20.000000000000004
20.000000000000004
20.000000000000004
20.000000000000004
20.000000000000004
20.000000000000004
20.000000000000004
20.000000000000004
20.000000000000004
20.000000000000004
20.000000000000004
20.000000000000004
20.000000000000004
20.000000000000004
20.000000000000004
20.000000000000004
20.000000000000004
20.000000000000004
20.000000000000004
20.000000000000004
20.000000000000004
20.000000000000004
20.000000000000004
20.000000000000004
20.000000000000004
20.000000000000004
20.000000000000004
20.000000000000004
20.000000000000004
20.000000000000004
20.000000000000004
20.000000000000004
20.000000000000004
20.000000000000004
20.000000000000004
20.000000000000004
20.000000000000004
20.000000000000004
20.000000000000004
20.000000000000004
20.000000000000004
20.000000000000004
20.000000000000004
20.000000000000004
20.000000000000004
20.000000000000004
20.000000000000004
20.000000000000004
20.000000000000004
20.000000000000004
20.000000000000004
20.000000000000004
20.000000000000004
20.000000000000004
20.000000000000004
20.000000000000004
20.000000000000004
20.000000000000004
20.000000000000004
20.000000000000004
20.000000000000004
20.000000000000004
20.000000000000004
20.000000000000004
20.000000000000004
20.000000000000004
20.000000000000004
20.000000000000004
20.000000000000004
20.000000000000004
20.000000000000004
20.000000000000004
20.000000000000004
20.000000000000004
20.000000000000004
20.000000000000004
20.000000000000004
20.000000000000004
20.000000000000004
20.000000000000004
20.000000000000004
20.000000000000004
20.000000000000004
20.000000000000004
20.000000000000004
