0.0000 2.3081196E+000 6.3401099E-001 1.0133840E+000
0.0200 1.8129867E+000 8.8282913E-001 7.3147739E-001
0.0400 2.1470854E+000 1.5404907E+000 1.1027656E+000
0.0600 2.3601003E+000 2.2648369E+000 1.4828694E+000
0.0800 2.5039280E+000 2.9573938E+000 1.7883737E+000
0.1000 2.6281557E+000 3.6051336E+000 2.0513084E+000
0.1200 2.7431278E+000 4.2123346E+000 2.2928151E+000
0.1400 2.8512497E+000 4.7828385E+000 2.5197103E+000
0.1600 2.9531396E+000 5.3188045E+000 2.7335128E+000
0.1800 3.0489779E+000 5.8218731E+000 2.9345986E+000
0.2000 3.1389523E+000 6.2937276E+000 3.1233697E+000
0.2200 3.2233343E+000 6.7361455E+000 3.3004042E+000
0.2400 3.3024417E+000 7.1509092E+000 3.4663725E+000
0.2600 3.3765988E+000 7.5397361E+000 3.6219556E+000
0.2800 3.4461166E+000 7.9042486E+000 3.7678055E+000
0.3000 3.5112867E+000 8.2459690E+000 3.9045341E+000
0.3200 3.5723819E+000 8.5663232E+000 4.0327135E+000
0.3400 3.6296573E+000 8.8666474E+000 4.1528786E+000
0.3600 3.6833515E+000 9.1481942E+000 4.2655305E+000
0.3800 3.7336886E+000 9.4121373E+000 4.3711390E+000
0.4000 3.7808784E+000 9.6595776E+000 4.4701443E+000
0.4200 3.8251176E+000 9.8915467E+000 4.5629594E+000
0.4400 3.8665908E+000 1.0109012E+001 4.6499713E+000
0.4600 3.9054710E+000 1.0312881E+001 4.7315428E+000
0.4800 3.9419201E+000 1.0504002E+001 4.8080141E+000
0.5000 3.9760903E+000 1.0683174E+001 4.8797040E+000
0.5200 4.0081240E+000 1.0851143E+001 4.9469116E+000
0.5400 4.0381548E+000 1.1008610E+001 5.0099170E+000
0.5600 4.0663080E+000 1.1156232E+001 5.0689830E+000
0.5800 4.0927009E+000 1.1294623E+001 5.1243560E+000
0.6000 4.1174436E+000 1.1424362E+001 5.1762668E+000
0.6200 4.1406392E+000 1.1545989E+001 5.2249319E+000
0.6400 4.1623846E+000 1.1660011E+001 5.2705542E+000
0.6600 4.1827703E+000 1.1766904E+001 5.3133240E+000
0.6800 4.2018815E+000 1.1867113E+001 5.3534197E+000
0.7000 4.2197977E+000 1.1961057E+001 5.3910083E+000
0.7200 4.2365937E+000 1.2049127E+001 5.4262468E+000
0.7400 4.2523395E+000 1.2131691E+001 5.4592820E+000
0.7600 4.2671009E+000 1.2209092E+001 5.4902517E+000
0.7800 4.2809393E+000 1.2281654E+001 5.5192850E+000
0.8000 4.2939124E+000 1.2349679E+001 5.5465030E+000
0.8200 4.3060745E+000 1.2413451E+001 5.5720193E+000
0.8400 4.3174761E+000 1.2473235E+001 5.5959401E+000
0.8600 4.3281648E+000 1.2529281E+001 5.6183653E+000
0.8800 4.3381852E+000 1.2581824E+001 5.6393884E+000
0.9000 4.3475791E+000 1.2631081E+001 5.6590970E+000
0.9200 4.3563856E+000 1.2677258E+001 5.6775733E+000
0.9400 4.3646415E+000 1.2720548E+001 5.6948944E+000
0.9600 4.3723812E+000 1.2761131E+001 5.7111325E+000
0.9800 4.3796370E+000 1.2799177E+001 5.7263554E+000
1.0000 4.3864391E+000 1.2834844E+001 5.7406264E+000
1.0200 4.3928160E+000 1.2868281E+001 5.7540052E+000
1.0400 4.3987941E+000 1.2899627E+001 5.7665474E+000
1.0600 4.4043984E+000 1.2929014E+001 5.7783054E+000
1.0800 4.4096524E+000 1.2956563E+001 5.7893283E+000
1.1000 4.4145778E+000 1.2982389E+001 5.7996620E+000
1.1200 4.4191953E+000 1.3006601E+001 5.8093496E+000
1.1400 4.4235240E+000 1.3029299E+001 5.8184314E+000
1.1600 4.4275821E+000 1.3050578E+001 5.8269454E+000
1.1800 4.4313865E+000 1.3070526E+001 5.8349271E+000
1.2000 4.4349530E+000 1.3089227E+001 5.8424098E+000
1.2200 4.4382965E+000 1.3106759E+001 5.8494245E+000
1.2400 4.4414310E+000 1.3123194E+001 5.8560007E+000
1.2600 4.4443695E+000 1.3138602E+001 5.8621658E+000
1.2800 4.4471242E+000 1.3153047E+001 5.8679453E+000
1.3000 4.4497068E+000 1.3166589E+001 5.8733635E+000
1.3200 4.4521278E+000 1.3179283E+001 5.8784429E+000
1.3400 4.4543975E+000 1.3191184E+001 5.8832047E+000
1.3600 4.4565252E+000 1.3202341E+001 5.8876688E+000
1.3800 4.4585200E+000 1.3212801E+001 5.8918538E+000
1.4000 4.4603900E+000 1.3222606E+001 5.8957771E+000
1.4200 4.4621430E+000 1.3231798E+001 5.8994551E+000
1.4400 4.4637865E+000 1.3240416E+001 5.9029032E+000
1.4600 4.4653272E+000 1.3248495E+001 5.9061356E+000
1.4800 4.4667716E+000 1.3256068E+001 5.9091660E+000
1.5000 4.4681257E+000 1.3263168E+001 5.9120069E+000
1.5200 4.4693951E+000 1.3269825E+001 5.9146701E+000
1.5400 4.4705851E+000 1.3276065E+001 5.9171669E+000
1.5600 4.4717008E+000 1.3281914E+001 5.9195075E+000
1.5800 4.4727466E+000 1.3287399E+001 5.9217018E+000
1.6000 4.4737271E+000 1.3292540E+001 5.9237589E+000
1.6200 4.4746463E+000 1.3297359E+001 5.9256873E+000
1.6400 4.4755080E+000 1.3301878E+001 5.9274952E+000
1.6600 4.4763159E+000 1.3306114E+001 5.9291901E+000
1.6800 4.4770732E+000 1.3310085E+001 5.9307789E+000
1.7000 4.4777832E+000 1.3313807E+001 5.9322685E+000
1.7200 4.4784487E+000 1.3317297E+001 5.9336649E+000
1.7400 4.4790727E+000 1.3320569E+001 5.9349740E+000
1.7600 4.4796577E+000 1.3323636E+001 5.9362012E+000
1.7800 4.4802060E+000 1.3326512E+001 5.9373517E+000
1.8000 4.4807201E+000 1.3329208E+001 5.9384303E+000
1.8200 4.4812021E+000 1.3331735E+001 5.9394415E+000
1.8400 4.4816539E+000 1.3334104E+001 5.9403894E+000
1.8600 4.4820774E+000 1.3336325E+001 5.9412780E+000
1.8800 4.4824745E+000 1.3338407E+001 5.9421111E+000
1.9000 4.4828468E+000 1.3340359E+001 5.9428921E+000
1.9200 4.4831958E+000 1.3342189E+001 5.9436243E+000
1.9400 4.4835229E+000 1.3343904E+001 5.9443107E+000
1.9600 4.4838296E+000 1.3345512E+001 5.9449541E+000
1.9800 4.4841172E+000 1.3347020E+001 5.9455574E+000
2.0000 4.4843867E+000 1.3348433E+001 5.9461229E+000
2.0200 4.4846394E+000 1.3349758E+001 5.9466531E+000
2.0400 4.4848763E+000 1.3351000E+001 5.9471501E+000
2.0600 4.4850984E+000 1.3352165E+001 5.9476160E+000
2.0800 4.4853066E+000 1.3353257E+001 5.9480528E+000
2.1000 4.4855018E+000 1.3354280E+001 5.9484623E+000
2.1200 4.4856847E+000 1.3355240E+001 5.9488462E+000
2.1400 4.4858563E+000 1.3356139E+001 5.9492061E+000
2.1600 4.4860171E+000 1.3356982E+001 5.9495435E+000
2.1800 4.4861678E+000 1.3357773E+001 5.9498598E+000
2.2000 4.4863092E+000 1.3358514E+001 5.9501563E+000
2.2200 4.4864417E+000 1.3359209E+001 5.9504343E+000
2.2400 4.4865659E+000 1.3359860E+001 5.9506949E+000
2.2600 4.4866823E+000 1.3360470E+001 5.9509392E+000
2.2800 4.4867915E+000 1.3361043E+001 5.9511682E+000
2.3000 4.4868938E+000 1.3361579E+001 5.9513829E+000
2.3200 4.4869898E+000 1.3362083E+001 5.9515842E+000
2.3400 4.4870797E+000 1.3362554E+001 5.9517729E+000
2.3600 4.4871640E+000 1.3362996E+001 5.9519498E+000
2.3800 4.4872431E+000 1.3363411E+001 5.9521156E+000
2.4000 4.4873172E+000 1.3363799E+001 5.9522711E+000
2.4200 4.4873866E+000 1.3364164E+001 5.9524169E+000
2.4400 4.4874518E+000 1.3364505E+001 5.9525535E+000
2.4600 4.4875128E+000 1.3364825E+001 5.9526816E+000
2.4800 4.4875701E+000 1.3365125E+001 5.9528017E+000
2.5000 4.4876237E+000 1.3365407E+001 5.9529143E+000
2.5200 4.4876740E+000 1.3365670E+001 5.9530198E+000
2.5400 4.4877212E+000 1.3365918E+001 5.9531187E+000
2.5600 4.4877654E+000 1.3366150E+001 5.9532115E+000
2.5800 4.4878068E+000 1.3366367E+001 5.9532984E+000
2.6000 4.4878457E+000 1.3366571E+001 5.9533800E+000
2.6200 4.4878821E+000 1.3366762E+001 5.9534564E+000
2.6400 4.4879163E+000 1.3366941E+001 5.9535280E+000
2.6600 4.4879483E+000 1.3367108E+001 5.9535952E+000
2.6800 4.4879783E+000 1.3367266E+001 5.9536581E+000
2.7000 4.4880064E+000 1.3367413E+001 5.9537172E+000
2.7200 4.4880328E+000 1.3367552E+001 5.9537725E+000
2.7400 4.4880575E+000 1.3367681E+001 5.9538244E+000
2.7600 4.4880807E+000 1.3367803E+001 5.9538730E+000
2.7800 4.4881024E+000 1.3367917E+001 5.9539186E+000
2.8000 4.4881228E+000 1.3368024E+001 5.9539613E+000
2.8200 4.4881419E+000 1.3368124E+001 5.9540014E+000
2.8400 4.4881598E+000 1.3368218E+001 5.9540390E+000
2.8600 4.4881766E+000 1.3368306E+001 5.9540742E+000
2.8800 4.4881923E+000 1.3368388E+001 5.9541072E+000
2.9000 4.4882071E+000 1.3368465E+001 5.9541382E+000
2.9200 4.4882209E+000 1.3368538E+001 5.9541672E+000
2.9400 4.4882339E+000 1.3368606E+001 5.9541944E+000
2.9600 4.4882460E+000 1.3368670E+001 5.9542199E+000
2.9800 4.4882574E+000 1.3368729E+001 5.9542438E+000
3.0000 4.4882681E+000 1.3368785E+001 5.9542662E+000
3.0200 4.4882781E+000 1.3368838E+001 5.9542872E+000
3.0400 4.4882875E+000 1.3368887E+001 5.9543069E+000
3.0600 4.4882963E+000 1.3368933E+001 5.9543253E+000
3.0800 4.4883046E+000 1.3368977E+001 5.9543427E+000
3.1000 4.4883123E+000 1.3369017E+001 5.9543589E+000
3.1200 4.4883195E+000 1.3369055E+001 5.9543741E+000
3.1400 4.4883263E+000 1.3369091E+001 5.9543884E+000
3.1600 4.4883327E+000 1.3369124E+001 5.9544017E+000
3.1800 4.4883387E+000 1.3369156E+001 5.9544143E+000
3.2000 4.4883443E+000 1.3369185E+001 5.9544260E+000
3.2200 4.4883495E+000 1.3369212E+001 5.9544370E+000
3.2400 4.4883545E+000 1.3369238E+001 5.9544474E+000
3.2600 4.4883591E+000 1.3369262E+001 5.9544570E+000
3.2800 4.4883634E+000 1.3369285E+001 5.9544661E+000
3.3000 4.4883675E+000 1.3369306E+001 5.9544746E+000
3.3200 4.4883713E+000 1.3369326E+001 5.9544826E+000
3.3400 4.4883748E+000 1.3369345E+001 5.9544901E+000
3.3600 4.4883782E+000 1.3369363E+001 5.9544971E+000
3.3800 4.4883813E+000 1.3369379E+001 5.9545037E+000
3.4000 4.4883842E+000 1.3369394E+001 5.9545098E+000
3.4200 4.4883870E+000 1.3369409E+001 5.9545156E+000
3.4400 4.4883896E+000 1.3369422E+001 5.9545210E+000
3.4600 4.4883920E+000 1.3369435E+001 5.9545261E+000
3.4800 4.4883943E+000 1.3369447E+001 5.9545308E+000
3.5000 4.4883964E+000 1.3369458E+001 5.9545353E+000
3.5200 4.4883984E+000 1.3369469E+001 5.9545395E+000
3.5400 4.4884002E+000 1.3369478E+001 5.9545434E+000
3.5600 4.4884020E+000 1.3369488E+001 5.9545471E+000
3.5800 4.4884036E+000 1.3369496E+001 5.9545505E+000
3.6000 4.4884052E+000 1.3369504E+001 5.9545538E+000
3.6200 4.4884066E+000 1.3369512E+001 5.9545568E+000
3.6400 4.4884080E+000 1.3369519E+001 5.9545596E+000
3.6600 4.4884092E+000 1.3369526E+001 5.9545623E+000
3.6800 4.4884104E+000 1.3369532E+001 5.9545648E+000
3.7000 4.4884115E+000 1.3369538E+001 5.9545671E+000
3.7200 4.4884126E+000 1.3369543E+001 5.9545693E+000
3.7400 4.4884136E+000 1.3369548E+001 5.9545714E+000
3.7600 4.4884145E+000 1.3369553E+001 5.9545733E+000
3.7800 4.4884153E+000 1.3369558E+001 5.9545751E+000
3.8000 4.4884162E+000 1.3369562E+001 5.9545768E+000
3.8200 4.4884169E+000 1.3369566E+001 5.9545784E+000
3.8400 4.4884176E+000 1.3369569E+001 5.9545799E+000
3.8600 4.4884183E+000 1.3369573E+001 5.9545813E+000
3.8800 4.4884189E+000 1.3369576E+001 5.9545826E+000
3.9000 4.4884195E+000 1.3369579E+001 5.9545838E+000
3.9200 4.4884200E+000 1.3369582E+001 5.9545850E+000
3.9400 4.4884206E+000 1.3369585E+001 5.9545860E+000
3.9600 4.4884210E+000 1.3369587E+001 5.9545870E+000
3.9800 4.4884215E+000 1.3369590E+001 5.9545880E+000
4.0000 4.4884219E+000 1.3369592E+001 5.9545889E+000
4.0200 4.4884223E+000 1.3369594E+001 5.9545897E+000
4.0400 4.4884227E+000 1.3369596E+001 5.9545905E+000
4.0600 4.4884230E+000 1.3369598E+001 5.9545912E+000
4.0800 4.4884234E+000 1.3369600E+001 5.9545919E+000
4.1000 4.4884237E+000 1.3369601E+001 5.9545925E+000
4.1200 4.4884240E+000 1.3369603E+001 5.9545932E+000
4.1400 4.4884242E+000 1.3369604E+001 5.9545937E+000
4.1600 4.4884245E+000 1.3369605E+001 5.9545942E+000
4.1800 4.4884247E+000 1.3369607E+001 5.9545947E+000
4.2000 4.4884249E+000 1.3369608E+001 5.9545952E+000
4.2200 4.4884251E+000 1.3369609E+001 5.9545956E+000
4.2400 4.4884253E+000 1.3369610E+001 5.9545961E+000
4.2600 4.4884255E+000 1.3369611E+001 5.9545964E+000
4.2800 4.4884257E+000 1.3369612E+001 5.9545968E+000
4.3000 4.4884258E+000 1.3369613E+001 5.9545971E+000
4.3200 4.4884260E+000 1.3369613E+001 5.9545975E+000
4.3400 4.4884261E+000 1.3369614E+001 5.9545977E+000
4.3600 4.4884263E+000 1.3369615E+001 5.9545980E+000
4.3800 4.4884264E+000 1.3369615E+001 5.9545983E+000
4.4000 4.4884265E+000 1.3369616E+001 5.9545985E+000
4.4200 4.4884266E+000 1.3369617E+001 5.9545988E+000
