10 10 999.9999999999999 1000
12.5 10 1562.4999999999998 1562.5
15 10 2250.0000000000005 2250
17.5 10 3062.5000000000005 3062.5
20 10 3999.9999999999995 4000
10 11.23076923076923 1123.076923076923 1123.076923076923
12.5 11.23076923076923 1754.8076923076917 1754.8076923076922
15 11.23076923076923 2526.9230769230767 2526.9230769230767
17.5 11.23076923076923 3439.4230769230758 3439.4230769230767
20 11.23076923076923 4492.307692307692 4492.307692307692
10 13.076923076923077 1307.6923076923072 1307.6923076923076
12.5 13.076923076923077 2043.2692307692303 2043.2692307692307
15 13.076923076923077 2942.3076923076924 2942.3076923076924
17.5 13.076923076923077 4004.8076923076915 4004.8076923076924
20 13.076923076923077 5230.769230769229 5230.7692307692305
10 15.846153846153847 1584.6153846153845 1584.6153846153848
12.5 15.846153846153847 2475.9615384615386 2475.9615384615386
15 15.846153846153847 3565.3846153846143 3565.3846153846157
17.5 15.846153846153847 4852.884615384614 4852.884615384615
20 15.846153846153847 6338.461538461538 6338.461538461539
10 20 1999.9999999999998 2000
12.5 20 3124.9999999999995 3125
15 20 4500.000000000001 4500
17.5 20 6125.000000000001 6125
20 20 7999.999999999999 8000
